10013458676
10521491465
10607074085
10815616364
11226590464
11278695216
12166028574
12223108496
12603962103
12843838795
13008599135
13013989434
13384357414
13517946454
13884124143
2421155907
2437610216
2448077748
2451862413
2458584542
2463493556
2583044552
2739107862
2781566727
2783505892
2799541462
2815147671
2872500033
2909445186
2972176704
2983719752
2985381764
3013777566
3033055753
3039274443
3057666738
3096078017
3105754589
3133113252
3213187068
3217749642
3225886047
3246498270
3249035877
3255347533
3266500980
3364242680
3420639395
3445792822
3457759630
3487475414
3512954461
3522761604
3552516882
3574384655
3605714471
3625293868
3711378974
3762258530
3778771350
3778867714
3798299776
3824469712
3832966100
3840491952
3894021402
3918022916
3967296118
3972321905
4026507608
4051288403
4075796733
4087815687
4227122551
4242713789
4294147314
4403191162
4405872555
4431340219
4432887858
4451729145
4615486172
4628594062
4655255240
4677394937
4695593712
4698087865
4754310333
4782721238
4810458386
4848274945
4848710033
4849169953
4854853022
4859211556
4937452721
4940333006
4972231631
4981178326
5003718676
5112071465
5124781697
5195499267
5300427189
5345319548
5379354799
5399895838
5464041286
5502438239
5512460825
5585209771
5599511471
5620721035
5728648619
5792195210
5813640746
5821807259
5856823706
5875096370
5875494562
5907428302
5929504257
5945592272
5996342347
5996570774
6016490500
6023758564
6027597248
6064047840
6122730590
6134739139
6194127078
6196496113
6201570192
6210130579
6238657192
6241168740
6263272608
6330712610
6335208280
6371744849
6412928509
6476048875
6587857059
6769245561
6779658148
6789657160
6901507844
6922125694
6955983239
7075647705
7177667565
7363189682
7403938330
7619429394
7771048766
7792142790
8038697746
8069386251
8115079130
8121746466
8126562674
8192589078
8461271066
8521113411
8564700985
8586958961
8591475462
8691070916
8715893813
8718405167
8727084602
8727748794
9026085228
9132237408
9186559718
9253920286
9296160135
9377811755
9692375711
